32 // tamaño del mapa, ancho en sprites
*
32 // tamaño del mapa, alto en sprites
*
1 // hojas de sprites que se usan, por ejemplo si tenemos mas hojas de textura seria 1,3,5
*
00-1-4 // los sprites que vamos a usar va el nombre del sprite (como codigo) en este caso 00, los llevo en orden para que sea mas facil
#
01-1-5 // despues del nombre del sprite viene de la hoja de sprite de donde se saca ese sprite
#
02-1-15 // despues de la hoja de sprite viene la posicion que ocupa el sprite en la hoja, recordemos que comienza en 0, va de derecha a izquierda y de arriba a abajo
#
03-1-3
*
00000000000000000000000000000000 // aqui van las colisiones, 0 es que puede caminar sobre ello y 1 es que no puede caminar sobre ello
00000000000000000000000000000000
00000000000000000000000000000000
00000000000000000000000000000000
00000000000000000000000000000000
00000000000000000000000000000000
00000000000000000000000000000000
00000000000000000000000000000000
00000000000000000000000000000000
00000000000000000000000000000000
00000000000000000000000000000000
00000000000000000000000000000000
00000000000000000000000000000000
00000000000000000000000000000000
00000000000000000000000000000000
00000000000000000000000000000000
00000000000000000000000000000000
00000000000000000000000000000000
00000000000000000000000000000000
00000000000000000000000000000000
00000000000000000000000000000000
00000000000000000000000000000000
00000000000000000000000000000000
00000000000000000000000000000000
00000000000000000000000000000000
00000000000000000000000000000000
00000000000000000000000000000000
00000000000000000000000000000000
00000000000000000000000000000000
00000000000000000000000000000000
00000000000000000000000000000000
00000000000000000000000000000000
00000000000000000000000000000000
*
00 00 00 00 00 00 00 00 00 00 00 00 00 00 00 01 03 03 03 03 03 03 03 03 03 03 03 03 03 03 03 03 // mapa colocando los sprites por su codigo
00 00 00 00 00 00 00 00 00 00 00 00 00 00 00 02 03 03 03 03 03 03 03 03 03 03 03 03 03 03 03 03
00 00 00 00 00 00 00 00 00 00 00 00 00 00 00 02 03 03 03 03 03 03 03 03 03 03 03 03 03 03 03 03
00 00 00 00 00 00 00 00 00 00 00 00 00 00 00 02 03 03 03 03 03 03 03 03 03 03 03 03 03 03 03 03
00 00 00 00 00 00 00 00 00 00 00 00 00 00 00 01 03 03 03 03 03 03 03 03 03 03 03 03 03 03 03 03
00 00 00 00 00 00 00 00 00 00 00 00 00 00 00 02 03 03 03 03 03 03 03 03 03 03 03 03 03 03 03 03
00 00 00 00 00 00 00 00 00 00 00 00 00 00 00 01 03 03 03 03 03 03 03 03 03 03 03 03 03 03 03 03
00 00 00 00 00 00 00 00 00 00 00 00 00 00 00 01 03 03 03 03 03 03 03 03 03 03 03 03 03 03 03 03
00 00 00 00 00 00 00 00 00 00 00 00 00 00 00 02 03 03 03 03 03 03 03 03 03 03 03 03 03 03 03 03
00 00 00 00 00 00 00 00 00 00 00 00 00 00 00 01 03 03 03 03 03 03 03 03 03 03 03 03 03 03 03 03
00 00 00 00 00 00 00 00 00 00 00 00 00 00 00 01 03 03 03 03 03 03 03 03 03 03 03 03 03 03 03 03
00 00 00 00 00 00 00 00 00 00 00 00 00 00 00 01 03 03 03 03 03 03 03 03 03 03 03 03 03 03 03 03
00 00 00 00 00 00 00 00 00 00 00 00 00 00 00 01 03 03 03 03 03 03 03 03 03 03 03 03 03 03 03 03
00 00 00 00 00 00 00 00 00 00 00 00 00 00 00 01 03 03 03 03 03 03 03 03 03 03 03 03 03 03 03 03
00 00 00 00 00 00 00 00 00 00 00 00 00 00 00 02 03 03 03 03 03 03 03 03 03 03 03 03 03 03 03 03
00 00 00 00 00 00 00 00 00 00 00 00 00 00 00 02 03 03 03 03 03 03 03 03 03 03 03 03 03 03 03 03
00 00 00 00 00 00 00 00 00 00 00 00 00 00 00 01 03 03 03 03 03 03 03 03 03 03 03 03 03 03 03 03
00 00 00 00 00 00 00 00 00 00 00 00 00 00 00 02 03 03 03 03 03 03 03 03 03 03 03 03 03 03 03 03
00 00 00 00 00 00 00 00 00 00 00 00 00 00 00 02 03 03 03 03 03 03 03 03 03 03 03 03 03 03 03 03
00 00 00 00 00 00 00 00 00 00 00 00 00 00 00 01 03 03 03 03 03 03 03 03 03 03 03 03 03 03 03 03
00 00 00 00 00 00 00 00 00 00 00 00 00 00 00 01 03 03 03 03 03 03 03 03 03 03 03 03 03 03 03 03
00 00 00 00 00 00 00 00 00 00 00 00 00 00 00 02 03 03 03 03 03 03 03 03 03 03 03 03 03 03 03 03
00 00 00 00 00 00 00 00 00 00 00 00 00 00 00 02 03 03 03 03 03 03 03 03 03 03 03 03 03 03 03 03
00 00 00 00 00 00 00 00 00 00 00 00 00 00 00 02 03 03 03 03 03 03 03 03 03 03 03 03 03 03 03 03
00 00 00 00 00 00 00 00 00 00 00 00 00 00 00 02 03 03 03 03 03 03 03 03 03 03 03 03 03 03 03 03
00 00 00 00 00 00 00 00 00 00 00 00 00 00 00 01 03 03 03 03 03 03 03 03 03 03 03 03 03 03 03 03
00 00 00 00 00 00 00 00 00 00 00 00 00 00 00 02 03 03 03 03 03 03 03 03 03 03 03 03 03 03 03 03
00 00 00 00 00 00 00 00 00 00 00 00 00 00 00 01 03 03 03 03 03 03 03 03 03 03 03 03 03 03 03 03
00 00 00 00 00 00 00 00 00 00 00 00 00 00 00 01 03 03 03 03 03 03 03 03 03 03 03 03 03 03 03 03
00 00 00 00 00 00 00 00 00 00 00 00 00 00 00 02 03 03 03 03 03 03 03 03 03 03 03 03 03 03 03 03
00 00 00 00 00 00 00 00 00 00 00 00 00 00 00 01 03 03 03 03 03 03 03 03 03 03 03 03 03 03 03 03
00 00 00 00 00 00 00 00 00 00 00 00 00 00 00 02 03 03 03 03 03 03 03 03 03 03 03 03 03 03 03 03
00 00 00 00 00 00 00 00 00 00 00 00 00 00 00 01 03 03 03 03 03 03 03 03 03 03 03 03 03 03 03 03
*
15-15 // la posicion en la que aparece el personaje, son coordenadas (x,y)
*
15-0-1 // Los dos primeros son las coordenadas donde esta el punto donde se teletrasnporta al otro mapa y el tercero es el mapa al que se teletransporta
*
14,14:1-1/2-1 // Los dos primeros separados por coma son las coordenadas (x,y) de donde se situa el conetendor de objetos despues esta el id del objeto y su cantidad, separamos los objetos por "/"
#
13,13:1-39/3-8 // x, y : objeto - cantidad / objeto - cantidad
*
15,14:1 // Agregamos los enemigos al mapa, sus coordenadas (x, y) y el id del enemigo que es el mismo nombre de la imagen (hoja de Sprites) del enemigo
#
14,13:1